      34.0160
      33.9934
      33.9708
      33.9482
      33.9256
      33.9031
      33.8805
      33.8580
      33.8354
      33.8129
      33.7904
      33.7678
      33.7453
      33.7228
      33.7268
      33.7043
      33.6818
      33.6593
      33.6368
      33.6144
      33.5919
      33.5694
      33.5470
      33.5245
      33.5021
      33.4797
      33.4572
      33.4348
      33.4124
      33.3900
      33.3676
      33.3452
      33.3228
      33.3004
      33.3043
      33.2819
      33.2595
      33.2372
      33.2148
      33.1924
      33.1701
      33.1477
      33.1254
      33.1030
      33.0807
      33.0583
      33.0360
      33.0137
      32.9913
      32.9690
      32.9467
      32.9244
      32.9021
      32.8798
      32.8836
      32.8613
      32.8390
      32.8167
      32.7944
      32.7721
      32.7498
      32.7275
      32.7053
      32.6830
      32.6607
      32.6384
      32.6161
      32.5939
      32.5716
      32.5493
      32.5270
      32.5048
      32.4825
      32.4602
      32.4418
      32.4380
      32.4195
      32.3973
      32.3750
      32.3528
      32.3305
      32.3082
      32.2860
      32.2637
      32.2415
      32.2192
      32.1970
      32.1747
      32.1525
      32.1302
      32.1079
      32.0857
      32.0634
      32.0412
      32.0189
      32.0227
      32.0005
      31.9782
      31.9559
      31.9337
      31.9114
      31.8892
      31.8669
      31.8446
      31.8224
      31.8001
      31.7778
      31.7556
      31.7333
      31.7110
      31.6887
      31.6665
      31.6442
      31.6219
      31.6034
      31.5996
      31.5811
      31.5588
      31.5365
      31.5142
      31.4919
      31.4696
      31.4473
      31.4250
      31.4027
      31.3804
      31.3581
      31.3358
      31.3134
      31.2911
      31.2688
