       33.998299      -118.97378     -0.29684114       0
       33.979424      -118.97893     -0.28462553       1
       33.957114      -118.98501     -0.28224373       2
       33.934807      -118.99110     -0.30898094       3
       33.912499      -118.99718     -0.31995296       4
       33.890194      -119.00325     -0.27570915       5
       33.867886      -119.00933     -0.25731087       6
       33.844720      -119.01563     -0.33825159       7
       33.822411      -119.02170     -0.32118940       8
       33.800102      -119.02777     -0.28916168       9
       33.777796      -119.03384     -0.23578501      10
       33.755491      -119.03991     -0.27091837      11
       33.733181      -119.04598     -0.24830341      12
       33.720308      -119.04947     -0.23269415      13
       33.709151      -119.05250     -0.22001600      14
       33.688556      -119.05809     -0.23269415      15
       33.666249      -119.06413     -0.26425648      16
       33.644795      -119.06995     -0.25568390      17
       33.622484      -119.07599     -0.23613977      18
       33.600174      -119.08204     -0.22928619      19
       33.577861      -119.08809     -0.23168945      20
       33.555559      -119.09414     -0.23888826      21
       33.533249      -119.10018     -0.21952438      22
       33.510942      -119.10622     -0.18804646      23
       33.488632      -119.11226     -0.19024754      24
       33.466322      -119.11829     -0.21117544      25
       33.444012      -119.12433     -0.21375751      26
       33.421697      -119.13036     -0.20883131      27
       33.399384      -119.13639     -0.20404291      28
       33.377932      -119.14219     -0.22680235      29
       33.355620      -119.14821     -0.28687429      30
       33.333310      -119.15424     -0.28224373      31
       33.311000      -119.16025     -0.26544619      32
       33.293838      -119.16488     -0.26827145      33
       33.282682      -119.16789     -0.25167418      34
       33.266378      -119.17228     -0.21306896      35
       33.244065      -119.17830     -0.21481133      36
       33.222609      -119.18408     -0.22637606      37
       33.200297      -119.19009     -0.24726343      38
       33.177988      -119.19611     -0.26594162      39
       33.155677      -119.20212     -0.24018097      40
       33.133363      -119.20812     -0.25930500      41
       33.111908      -119.21389     -0.26055384      42
       33.089592      -119.21989     -0.26648235      43
       33.067273      -119.22589     -0.26699352      44
       33.044954      -119.23188     -0.29881144      45
       33.022638      -119.23787     -0.26776552      46
       33.001178      -119.24363     -0.26236868      47
       32.978860      -119.24961     -0.25164461      48
       32.956543      -119.25559     -0.27995110      49
       32.934225      -119.26158     -0.27740049      50
       32.912766      -119.26733     -0.27586985      51
       32.890449      -119.27331     -0.27637959      52
       32.869849      -119.27883     -0.27280617      53
       32.858691      -119.28182     -0.29238462      54
       32.845814      -119.28526     -0.28647757      55
       32.824353      -119.29100     -0.29005671      56
       32.802033      -119.29697     -0.25710917      57
       32.779714      -119.30294     -0.25096369      58
       32.757396      -119.30890     -0.25557089      59
       32.735935      -119.31463     -0.25566101      60
       32.713614      -119.32059     -0.24930811      61
       32.691297      -119.32654     -0.23314190      62
       32.668978      -119.33250     -0.25996685      63
       32.647519      -119.33823     -0.22986460      64
       32.625201      -119.34419     -0.21981621      65
       32.602880      -119.35015     -0.22340870      66
       32.581417      -119.35587     -0.22423220      67
       32.559094      -119.36182     -0.23959064      68
       32.536772      -119.36776     -0.23724127      69
       32.514450      -119.37370     -0.21962357      70
       32.492985      -119.37941     -0.23242760      71
       32.470665      -119.38535     -0.23468065      72
       32.448344      -119.39129     -0.22648096      73
       32.424302      -119.39768     -0.21859598      74
       32.435466      -119.39471     -0.20064878      75
       32.404558      -119.40293     -0.21705675      76
       32.382237      -119.40885     -0.23191643      77
       32.360771      -119.41455     -0.21050978      78
       32.338448      -119.42048     -0.21563196      79
       32.316127      -119.42641     -0.24222183      80
       32.294663      -119.43211     -0.24120426      81
       32.272343      -119.43804     -0.20794868      82
       32.250020      -119.44396     -0.23127270      83
       32.227693      -119.44987     -0.23221636      84
       32.206225      -119.45555     -0.23456049      85
       32.183897      -119.46146     -0.23382425      86
       32.161575      -119.46738     -0.22218418      87
       32.140107      -119.47306     -0.23487854      88
       32.117781      -119.47897     -0.24000406      89
       32.095451      -119.48487     -0.23641872      90
       32.073980      -119.49054     -0.22635126      91
       32.051651      -119.49644     -0.22943163      92
       32.029323      -119.50234     -0.21832275      93
       32.013008      -119.50665     -0.22055101      94
       32.001844      -119.50960     -0.24282074      95
       31.985525      -119.51390     -0.24111891      96
       31.963196      -119.51979     -0.22671175      97
       31.941727      -119.52545     -0.23082876      98
       31.919399      -119.53134     -0.22259426      99
       31.897073      -119.53722     -0.22020721     100
       31.874747      -119.54310     -0.24487543     101
       31.853277      -119.54875     -0.24417639     102
       31.830953      -119.55464     -0.23775387     103
       31.808623      -119.56052     -0.25719881     104
       31.787154      -119.56618     -0.25828266     105
       31.764824      -119.57205     -0.26004219     106
       31.742489      -119.57792     -0.25930500     107
       31.721018      -119.58356     -0.27359295     108
       31.698686      -119.58943     -0.27131462     109
       31.676358      -119.59529     -0.23337126     110
       31.654029      -119.60116     -0.23280668     111
       31.632555      -119.60680     -0.23651981     112
       31.610223      -119.61266     -0.22505093     113
       31.578445      -119.62100     -0.22596931     114
       31.589610      -119.61807     -0.22904396     115
       31.566422      -119.62415     -0.22584152     116
       31.544095      -119.63001     -0.23763657     117
       31.521765      -119.63586     -0.23968887     118
       31.499433      -119.64172     -0.26192093     119
       31.477960      -119.64734     -0.24082518     120
       31.455628      -119.65319     -0.23775387     121
       31.433297      -119.65904     -0.22750711     122
       31.410964      -119.66488     -0.23750305     123
       31.389489      -119.67050     -0.22294426     124
       31.367154      -119.67634     -0.20116377     125
       31.344820      -119.68217     -0.24728584     126
       31.322485      -119.68801     -0.21232557     127
       31.301011      -119.69362     -0.24333429     128
       31.278675      -119.69945     -0.21574974     129
       31.263211      -119.70348     -0.22840691     130
